         1         1
         2         2
         3         3
         4         3
         5         2
         6         2
         7         3
         8         3
         9         3
        10         1
        11         3
        12         3
        13         3
        14         2
        15         2
        16         3
        17         2
        18         1
        19         2
        20         3
        21         3
        22         2
        23         2
        24         3
        25         2
        26         2
        27         2
        28         2
        29         3
        30         3
        31         1
        32         3
        33         2
        34         1
        35         2
        36         3
        37         3
        38         2
        39         2
        40         3
        41         3
        42         3
        43         1
        44         3
        45         3
        46         3
        47         1
        48         3
        49         3
        50         3
        51         1
        52         3
        53         3
        54         3
        55         2
        56         2
        57         3
        58         2
        59         1
        60         2
        61         3
        62         3
        63         1
        64         3
        65         2
        66         1
        67         2
        68         3
        69         3
        70         2
        71         2
        72         3
        73         3
        74         3
        75         1
        76         3
        77         3
        78         3
        79         2
        80         2
        81         3
        82         2
        83         1
        84         2
        85         3
        86         3
        87         2
        88         2
        89         3
        90         2
        91         1
        92         2
        93         3
        94         4
        95         4
        96         1
        97         4
        98         2
        99         1
       100         2
       101         4
       102         3
       103         2
       104         2
       105         3
       106         3
       107         3
       108         1
       109         3
       110         3
       111         3
       112         1
       113         3
       114         2
       115         1
       116         2
       117         3
       118         3
       119         2
       120         2
       121         3
       122         2
       123         1
       124         2
       125         3
       126         3
       127         1
       128         3
       129         2
       130         1
       131         2
       132         3
       133         3
       134         2
       135         2
       136         3
       137         3
       138         3
       139         1
       140         3
       141         3
       142         3
       143         2
       144         2
       145         3
       146         2
       147         1
       148         2
       149         3
       150         3
       151         2
       152         2
       153         3
       154         2
       155         2
       156         2
       157         2
       158         3
       159         3
       160         1
       161         3
       162         2
       163         1
       164         2
       165         3
       166         3
       167         2
       168         2
       169         3
       170         3
       171         3
       172         1
       173         3
       174         3
       175         3
       176         1
       177         3
       178         2
       179         1
       180         2
       181         3
       182         3
       183         2
       184         3
       185         3
       186         3
       187         2
       188         1
       189         2
       190         3
       191         3
       192         1
       193         3
       194         2
       195         1
       196         2
       197         3
       198         3
       199         3
       200         2
       201         3
       202         3
       203         3
       204         1
       205         3
       206         3
       207         3
       208         2
       209         2
       210         3
       211         2
       212         1
       213         2
       214         3
       215         3
       216         2
       217         2
       218         3
       219         2
       220         1
       221         2
       222         3
       223         3
       224         1
       225         3
       226         2
       227         1
       228         2
       229         3
       230         3
       231         2
       232         2
       233         3
       234         3
       235         3
       236         1
       237         3
       238         3
       239         3
       240         1
       241         3
       242         2
       243         1
       244         2
       245         3
       246         3
       247         2
       248         2
       249         3
       250         2
       251         1
       252         2
       253         3
       254         3
       255         1
       256         3
       257         2
       258         1
       259         2
       260         3
       261         3
       262         2
       263         2
       264         3
       265         3
       266         3
       267         1
       268         3
       269         3
       270         3
       271         2
       272         2
       273         3
       274         2
       275         1
       276         2
       277         3
       278         3
       279         2
       280         2
       281         3
       282         2
       283         2
       284         2
       285         2
       286         3
       287         3
       288         1
       289         3
       290         2
       291         1
       292         2
       293         3
       294         3
       295         2
       296         2
       297         3
       298         3
       299         3
       300         1
       301         3
       302         3
       303         3
       304         1
       305         3
       306         3
       307         3
       308         1
       309         3
       310         3
       311         3
       312         2
       313         2
       314         3
       315         2
       316         1
       317         2
       318         3
       319         3
       320         1
       321         3
       322         2
       323         1
       324         2
       325         3
       326         3
       327         2
       328         2
       329         3
       330         3
       331         3
       332         1
       333         3
       334         3
       335         3
       336         2
       337         2
       338         3
       339         2
       340         1
       341         2
       342         3
       343         3
       344         2
       345         2
       346         3
       347         2
       348         1
       349         2
       350         3
       351         3
       352         1
       353         3
       354         2
       355         1
       356         2
       357         3
       358         3
       359         2
       360         2
       361         3
       362         3
       363         3
       364         2
       365         2
       366         3
       367         3
       368         3
       369         1
       370         3
       371         2
       372         1
       373         2
       374         3
       375         3
       376         2
       377         2
       378         3
       379         2
       380         1
       381         2
       382         3
       383         3
       384         1
       385         3
       386         2
       387         1
       388         2
       389         3
       390         3
       391         2
       392         2
       393         3
       394         3
       395         3
       396         1
       397         3
       398         3
       399         3
       400         2
       401         2
       402         3
       403         2
       404         1
       405         2
       406         3
       407         3
       408         2
       409         2
       410         3
       411         2
       412         2
       413         2
       414         2
       415         3
       416         3
       417         1
       418         3
       419         2
       420         1
       421         2
       422         3
       423         3
       424         2
       425         2
       426         3
       427         3
       428         3
       429         1
       430         3
       431         3
       432         3
       433         1
       434         3
       435         2
       436         1
       437         2
       438         3
       439         3
       440         2
       441         2
       442         3
       443         2
       444         1
       445         2
       446         3
       447         3
       448         1
       449         3
       450         2
       451         1
       452         2
       453         3
       454         3
       455         2
       456         2
       457         3
       458         3
       459         3
       460         1
       461         3
       462         3
       463         3
       464         2
       465         2
       466         3
       467         2
       468         1
       469         2
       470         3
       471         3
       472         2
       473         2
       474         3
       475         2
       476         1
       477         2
       478         3
       479         3
       480         1
       481         3
       482         2
       483         1
       484         2
       485         3
       486         3
       487         2
       488         2
       489         3
       490         3
       491         3
       492         1
       493         3
       494         3
       495         3
       496         1
       497         3
       498         2
       499         1
       500         2
       501         3
       502         3
       503         2
       504         2
       505         3
       506         2
       507         1
       508         2
       509         3
       510         3
       511         1
       512         3
       513         2
       514         1
       515         2
       516         3
       517         3
       518         2
       519         2
       520         3
       521         3
       522         3
       523         1
       524         3
       525         3
       526         3
       527         2
       528         2
       529         3
       530         2
       531         1
       532         2
       533         3
       534         3
       535         2
       536         2
       537         3
       538         2
       539         2
       540         2
       541         2
       542         3
       543         3
       544         1
       545         3
       546         2
       547         1
       548         2
       549         3
       550         3
       551         2
       552         2
       553         3
       554         3
       555         3
       556         1
       557         3
       558         3
       559         3
       560         1
       561         3
       562         3
       563         3
       564         1
       565         3
       566         3
       567         3
       568         2
       569         2
       570         3
       571         2
       572         1
       573         2
       574         3
       575         3
       576         1
       577         3
       578         2
       579         1
       580         2
       581         3
       582         3
       583         2
       584         2
       585         3
       586         3
       587         3
       588         1
       589         3
       590         3
       591         3
       592         2
       593         2
       594         3
       595         2
       596         1
       597         2
       598         3
       599         3
       600         2
       601         2
       602         3
       603         2
       604         1
       605         2
       606         3
       607         4
       608         4
       609         1
       610         4
       611         2
       612         1
       613         2
       614         4
       615         3
       616         2
       617         2
       618         3
       619         3
       620         3
       621         1
       622         3
       623         3
       624         3
       625         1
       626         3
       627         2
       628         1
       629         2
       630         3
       631         3
       632         2
       633         2
       634         3
       635         2
       636         1
       637         2
       638         3
       639         3
       640         1
       641         3
       642         2
       643         1
       644         2
       645         3
       646         3
       647         2
       648         2
       649         3
       650         3
       651         3
       652         1
       653         3
       654         3
       655         3
       656         2
       657         2
       658         3
       659         2
       660         1
       661         2
       662         3
       663         3
       664         2
       665         2
       666         3
       667         2
       668         2
       669         2
       670         2
       671         3
       672         3
       673         1
       674         3
       675         2
       676         1
       677         2
       678         3
       679         3
       680         2
       681         2
       682         3
       683         3
       684         3
       685         1
       686         3
       687         3
       688         3
       689         1
       690         3
       691         2
       692         1
       693         2
       694         3
       695         3
       696         2
       697         2
       698         3
       699         2
       700         1
       701         2
       702         3
       703         3
       704         1
       705         3
       706         2
       707         1
       708         2
       709         3
       710         3
       711         2
       712         2
       713         3
       714         3
       715         3
       716         1
       717         3
       718         3
       719         3
       720         2
       721         2
       722         3
       723         2
       724         1
       725         2
       726         3
       727         3
       728         2
       729         2
       730         3
       731         2
       732         1
       733         2
       734         3
       735         3
       736         1
       737         3
       738         2
       739         1
       740         2
       741         3
       742         3
       743         2
       744         2
       745         3
       746         3
       747         3
       748         1
       749         3
       750         3
       751         3
       752         1
       753         3
       754         2
       755         1
       756         2
       757         3
       758         3
       759         2
       760         2
       761         3
       762         2
       763         1
       764         2
       765         3
       766         3
       767         1
       768         3
       769         2
       770         1
       771         2
       772         3
       773         3
       774         2
       775         2
       776         3
       777         3
       778         3
       779         1
       780         3
       781         3
       782         3
       783         2
       784         2
       785         3
       786         2
       787         1
       788         2
       789         3
       790         3
       791         2
       792         2
       793         3
       794         2
       795         2
       796         2
       797         2
       798         3
       799         3
       800         1
       801         3
       802         2
       803         1
       804         2
       805         3
       806         3
       807         2
       808         2
       809         3
       810         3
       811         3
       812         1
       813         3
       814         3
       815         3
       816         1
       817         3
       818         3
       819         3
       820         1
       821         3
       822         3
       823         3
       824         2
       825         2
       826         3
       827         2
       828         1
       829         2
       830         3
       831         3
       832         1
       833         3
       834         2
       835         1
       836         2
       837         3
       838         3
       839         2
       840         2
       841         3
       842         3
       843         3
       844         1
       845         3
       846         3
       847         3
       848         2
       849         2
       850         3
       851         2
       852         1
       853         2
       854         3
       855         3
       856         2
       857         2
       858         3
       859         2
       860         1
       861         2
       862         3
       863         3
       864         1
       865         3
       866         2
       867         1
       868         2
       869         3
       870         3
       871         2
       872         2
       873         3
       874         3
       875         3
       876         1
       877         3
       878         3
       879         3
       880         1
       881         3
       882         2
       883         1
       884         2
       885         3
       886         3
       887         2
       888         2
       889         3
       890         2
       891         1
       892         2
       893         3
       894         3
       895         1
       896         3
       897         2
       898         1
       899         2
       900         3
       901         3
       902         2
       903         2
       904         3
       905         3
       906         3
       907         1
       908         3
       909         3
       910         3
       911         2
       912         2
       913         3
       914         2
       915         1
       916         2
       917         3
       918         3
       919         2
       920         2
       921         3
       922         2
       923         2
       924         2
       925         2
       926         3
       927         3
       928         1
       929         3
       930         2
       931         1
       932         2
       933         3
       934         3
       935         2
       936         2
       937         3
       938         3
       939         3
       940         1
       941         3
       942         3
       943         3
       944         1
       945         3
       946         2
       947         1
       948         2
       949         3
       950         3
       951         2
       952         2
       953         3
       954         2
       955         1
       956         2
       957         3
       958         3
       959         1
       960         3
       961         2
       962         1
       963         2
       964         3
       965         3
       966         2
       967         2
       968         3
       969         3
       970         3
       971         1
       972         3
       973         3
       974         3
       975         2
       976         2
       977         3
       978         2
       979         1
       980         2
       981         3
       982         3
       983         2
       984         2
       985         3
       986         2
       987         1
       988         2
       989         3
       990         3
       991         1
       992         3
       993         2
       994         1
       995         2
       996         3
       997         3
       998         2
       999         2
      1000         3
      1001         3
      1002         3
      1003         1
      1004         3
      1005         3
      1006         3
      1007         1
      1008         3
      1009         2
      1010         1
      1011         2
      1012         3
      1013         3
      1014         2
      1015         2
      1016         3
      1017         2
      1018         1
      1019         2
      1020         3
      1021         3
      1022         1
      1023         3
      1024         2
      1025         1
      1026         2
      1027         3
      1028         3
      1029         2
      1030         2
      1031         3
      1032         3
      1033         3
      1034         1
      1035         3
      1036         3
      1037         3
      1038         2
      1039         2
      1040         3
      1041         2
      1042         1
      1043         2
      1044         3
      1045         3
      1046         2
      1047         2
      1048         3
      1049         2
      1050         2
      1051         2
      1052         2
      1053         3
      1054         3
      1055         1
      1056         3
      1057         2
      1058         1
      1059         2
      1060         3
      1061         3
      1062         2
      1063         2
      1064         3
      1065         3
      1066         3
      1067         1
      1068         3
      1069         3
      1070         3
      1071         1
      1072         3
      1073         3
      1074         3
      1075         1
      1076         3
      1077         3
      1078         3
      1079         2
      1080         2
      1081         3
      1082         2
      1083         1
      1084         2
      1085         3
      1086         3
      1087         1
      1088         3
      1089         2
      1090         1
      1091         2
      1092         3
      1093         3
      1094         2
      1095         2
      1096         3
      1097         3
      1098         3
      1099         1
      1100         3
      1101         3
      1102         3
      1103         2
      1104         2
      1105         3
      1106         2
      1107         1
      1108         2
      1109         3
      1110         3
      1111         2
      1112         2
      1113         3
      1114         2
      1115         1
      1116         2
      1117         3
      1118         4
      1119         4
      1120         1
      1121         4
      1122         2
      1123         1
      1124         2
      1125         4
      1126         3
      1127         2
      1128         2
      1129         3
      1130         3
      1131         3
      1132         1
      1133         3
      1134         3
      1135         3
      1136         1
      1137         3
      1138         2
      1139         1
      1140         2
      1141         3
      1142         3
      1143         2
      1144         2
      1145         3
      1146         2
      1147         1
      1148         2
      1149         3
      1150         3
      1151         1
      1152         3
      1153         2
      1154         1
      1155         2
      1156         3
      1157         3
      1158         2
      1159         2
      1160         3
      1161         3
      1162         3
      1163         1
      1164         3
      1165         3
      1166         3
      1167         2
      1168         2
      1169         3
      1170         2
      1171         1
      1172         2
      1173         3
      1174         3
      1175         2
      1176         2
      1177         3
      1178         2
      1179         2
      1180         2
      1181         2
      1182         3
      1183         3
      1184         1
      1185         3
      1186         2
      1187         1
      1188         2
      1189         3
      1190         3
      1191         2
      1192         2
      1193         3
      1194         3
      1195         3
      1196         1
      1197         3
      1198         3
      1199         3
      1200         1
      1201         3
      1202         2
      1203         1
      1204         2
      1205         3
      1206         3
      1207         2
      1208         3
      1209         3
      1210         3
      1211         2
      1212         1
      1213         2
      1214         3
      1215         3
      1216         1
      1217         3
      1218         2
      1219         1
      1220         2
      1221         3
      1222         3
      1223         3
      1224         2
      1225         3
      1226         3
      1227         3
      1228         1
      1229         3
      1230         3
      1231         3
      1232         2
      1233         2
      1234         3
      1235         2
      1236         1
      1237         2
      1238         3
      1239         3
      1240         2
      1241         2
      1242         3
      1243         2
      1244         1
      1245         2
      1246         3
      1247         3
      1248         1
      1249         3
      1250         2
      1251         1
      1252         2
      1253         3
      1254         3
      1255         2
      1256         2
      1257         3
      1258         3
      1259         3
      1260         1
      1261         3
      1262         3
      1263         3
      1264         1
      1265         3
      1266         2
      1267         1
      1268         2
      1269         3
      1270         3
      1271         2
      1272         2
      1273         3
      1274         2
      1275         1
      1276         2
      1277         3
      1278         3
      1279         1
      1280         3
      1281         2
      1282         1
      1283         2
      1284         3
      1285         3
      1286         2
      1287         2
      1288         3
      1289         3
      1290         3
      1291         1
      1292         3
      1293         3
      1294         3
      1295         2
      1296         2
      1297         3
      1298         2
      1299         1
      1300         2
      1301         3
      1302         3
      1303         2
      1304         2
      1305         3
      1306         2
      1307         2
      1308         2
      1309         2
      1310         3
      1311         3
      1312         1
      1313         3
      1314         2
      1315         1
      1316         2
      1317         3
      1318         3
      1319         2
      1320         2
      1321         3
      1322         3
      1323         3
      1324         1
      1325         3
      1326         3
      1327         3
      1328         1
      1329         3
      1330         3
      1331         3
      1332         1
      1333         3
      1334         3
      1335         3
      1336         2
      1337         2
      1338         3
      1339         2
      1340         1
      1341         2
      1342         3
      1343         3
      1344         1
      1345         3
      1346         2
      1347         1
      1348         2
      1349         3
      1350         3
      1351         2
      1352         2
      1353         3
      1354         3
      1355         3
      1356         1
      1357         3
      1358         3
      1359         3
      1360         2
      1361         2
      1362         3
      1363         2
      1364         1
      1365         2
      1366         3
      1367         3
      1368         2
      1369         2
      1370         3
      1371         2
      1372         1
      1373         2
      1374         3
      1375         3
      1376         1
      1377         3
      1378         2
      1379         1
      1380         2
      1381         3
      1382         3
      1383         2
      1384         2
      1385         3
      1386         3
      1387         3
      1388         1
      1389         3
      1390         3
      1391         3
      1392         1
      1393         3
      1394         2
      1395         1
      1396         2
      1397         3
      1398         3
      1399         2
      1400         2
      1401         3
      1402         2
      1403         1
      1404         2
      1405         3
      1406         3
      1407         1
      1408         3
      1409         2
      1410         1
      1411         2
      1412         3
      1413         3
      1414         2
      1415         2
      1416         3
      1417         3
      1418         3
      1419         1
      1420         3
      1421         3
      1422         3
      1423         2
      1424         2
      1425         3
      1426         2
      1427         1
      1428         2
      1429         3
      1430         3
      1431         2
      1432         2
      1433         3
      1434         2
      1435         2
      1436         2
      1437         2
      1438         3
      1439         3
      1440         1
      1441         3
      1442         2
      1443         1
      1444         2
      1445         3
      1446         3
      1447         2
      1448         2
      1449         3
      1450         3
      1451         3
      1452         1
      1453         3
      1454         3
      1455         3
      1456         1
      1457         3
      1458         2
      1459         1
      1460         2
      1461         3
      1462         3
      1463         2
      1464         2
      1465         3
      1466         2
      1467         1
      1468         2
      1469         3
      1470         3
      1471         1
      1472         3
      1473         2
      1474         1
      1475         2
      1476         3
      1477         3
      1478         2
      1479         2
      1480         3
      1481         3
      1482         3
      1483         1
      1484         3
      1485         3
      1486         3
      1487         2
      1488         2
      1489         3
      1490         2
      1491         1
      1492         2
      1493         3
      1494         3
      1495         2
      1496         2
      1497         3
      1498         2
      1499         1
      1500         2
      1501         3
      1502         3
      1503         1
      1504         3
      1505         2
      1506         1
      1507         2
      1508         3
      1509         3
      1510         2
      1511         2
      1512         3
      1513         3
      1514         3
      1515         1
      1516         3
      1517         3
      1518         3
      1519         1
      1520         3
      1521         2
      1522         1
      1523         2
      1524         3
      1525         3
      1526         2
      1527         2
      1528         3
      1529         2
      1530         1
      1531         2
      1532         3
      1533         3
      1534         1
      1535         3
      1536         2
      1537         1
      1538         2
      1539         3
      1540         3
      1541         2
      1542         2
      1543         3
      1544         3
      1545         3
      1546         1
      1547         3
      1548         3
      1549         3
      1550         2
      1551         2
      1552         3
      1553         2
      1554         1
      1555         2
      1556         3
      1557         3
      1558         2
      1559         2
      1560         3
      1561         2
      1562         2
      1563         2
      1564         2
      1565         3
      1566         3
      1567         1
      1568         3
      1569         2
      1570         1
      1571         2
      1572         3
      1573         3
      1574         2
      1575         2
      1576         3
      1577         3
      1578         3
      1579         1
      1580         3
      1581         3
      1582         3
      1583         1
      1584         3
      1585         3
      1586         3
      1587         1
      1588         3
      1589         3
      1590         3
      1591         2
      1592         2
      1593         3
      1594         2
      1595         1
      1596         2
      1597         3
      1598         3
      1599         1
      1600         3
      1601         2
      1602         1
      1603         2
      1604         3
      1605         3
      1606         2
      1607         2
      1608         3
      1609         3
      1610         3
      1611         1
      1612         3
      1613         3
      1614         3
      1615         2
      1616         2
      1617         3
      1618         2
      1619         1
      1620         2
      1621         3
      1622         3
      1623         2
      1624         2
      1625         3
      1626         2
      1627         1
      1628         2
      1629         3
      1630         4
      1631         4
      1632         1
      1633         4
      1634         2
      1635         1
      1636         2
      1637         4
      1638         3
      1639         2
      1640         2
      1641         3
      1642         3
      1643         3
      1644         1
      1645         3
      1646         3
      1647         3
      1648         1
      1649         3
      1650         2
      1651         1
      1652         2
      1653         3
      1654         3
      1655         2
      1656         2
      1657         3
      1658         2
      1659         1
      1660         2
      1661         3
      1662         3
      1663         1
      1664         3
      1665         2
      1666         1
      1667         2
      1668         3
      1669         3
      1670         2
      1671         2
      1672         3
      1673         3
      1674         3
      1675         1
      1676         3
      1677         3
      1678         3
      1679         2
      1680         2
      1681         3
      1682         2
      1683         1
      1684         2
      1685         3
      1686         3
      1687         2
      1688         2
      1689         3
      1690         2
      1691         2
      1692         2
      1693         2
      1694         3
      1695         3
      1696         1
      1697         3
      1698         2
      1699         1
      1700         2
      1701         3
      1702         3
      1703         2
      1704         2
      1705         3
      1706         3
      1707         3
      1708         1
      1709         3
      1710         3
      1711         3
      1712         1
      1713         3
      1714         2
      1715         1
      1716         2
      1717         3
      1718         3
      1719         2
      1720         2
      1721         3
      1722         2
      1723         1
      1724         2
      1725         3
      1726         3
      1727         1
      1728         3
      1729         2
      1730         1
      1731         2
      1732         3
      1733         3
      1734         2
      1735         2
      1736         3
      1737         3
      1738         3
      1739         1
      1740         3
      1741         3
      1742         3
      1743         2
      1744         2
      1745         3
      1746         2
      1747         1
      1748         2
      1749         3
      1750         3
      1751         2
      1752         2
      1753         3
      1754         2
      1755         1
      1756         2
      1757         3
      1758         3
      1759         1
      1760         3
      1761         2
      1762         1
      1763         2
      1764         3
      1765         3
      1766         2
      1767         2
      1768         3
      1769         3
      1770         3
      1771         1
      1772         3
      1773         3
      1774         3
      1775         1
      1776         3
      1777         2
      1778         1
      1779         2
      1780         3
      1781         3
      1782         2
      1783         2
      1784         3
      1785         2
      1786         1
      1787         2
      1788         3
      1789         3
      1790         1
      1791         3
      1792         2
      1793         1
      1794         2
      1795         3
      1796         3
      1797         2
      1798         2
      1799         3
      1800         3
      1801         3
      1802         1
      1803         3
      1804         3
      1805         3
      1806         2
      1807         2
      1808         3
      1809         2
      1810         1
      1811         2
      1812         3
      1813         3
      1814         2
      1815         2
      1816         3
      1817         2
      1818         2
      1819         2
      1820         2
      1821         3
      1822         3
      1823         1
      1824         3
      1825         2
      1826         1
      1827         2
      1828         3
      1829         3
      1830         2
      1831         2
      1832         3
      1833         3
      1834         3
      1835         1
      1836         3
      1837         3
      1838         3
      1839         1
      1840         3
      1841         3
      1842         3
      1843         1
      1844         3
      1845         3
      1846         3
      1847         2
      1848         2
      1849         3
      1850         2
      1851         1
      1852         2
      1853         3
      1854         3
      1855         1
      1856         3
      1857         2
      1858         1
      1859         2
      1860         3
      1861         3
      1862         2
      1863         2
      1864         3
      1865         3
      1866         3
      1867         1
      1868         3
      1869         3
      1870         3
      1871         2
      1872         2
      1873         3
      1874         2
      1875         1
      1876         2
      1877         3
      1878         3
      1879         2
      1880         2
      1881         3
      1882         2
      1883         1
      1884         2
      1885         3
      1886         3
      1887         1
      1888         3
      1889         2
      1890         1
      1891         2
      1892         3
      1893         3
      1894         2
      1895         2
      1896         3
      1897         3
      1898         3
      1899         1
      1900         3
      1901         3
      1902         3
      1903         1
      1904         3
      1905         2
      1906         1
      1907         2
      1908         3
      1909         3
      1910         2
      1911         2
      1912         3
      1913         2
      1914         1
      1915         2
      1916         3
      1917         3
      1918         1
      1919         3
      1920         2
      1921         1
      1922         2
      1923         3
      1924         3
      1925         2
      1926         2
      1927         3
      1928         3
      1929         3
      1930         1
      1931         3
      1932         3
      1933         3
      1934         2
      1935         2
      1936         3
      1937         2
      1938         1
      1939         2
      1940         3
      1941         3
      1942         2
      1943         2
      1944         3
      1945         2
      1946         2
      1947         2
      1948         2
      1949         3
      1950         3
      1951         1
      1952         3
      1953         2
      1954         1
      1955         2
      1956         3
      1957         3
      1958         2
      1959         2
      1960         3
      1961         3
      1962         3
      1963         1
      1964         3
      1965         3
      1966         3
      1967         1
      1968         3
      1969         2
      1970         1
      1971         2
      1972         3
      1973         3
      1974         2
      1975         2
      1976         3
      1977         2
      1978         1
      1979         2
      1980         3
      1981         3
      1982         1
      1983         3
      1984         2
      1985         1
      1986         2
      1987         3
      1988         3
      1989         2
      1990         2
      1991         3
      1992         3
      1993         3
      1994         1
      1995         3
      1996         3
      1997         3
      1998         2
      1999         2
      2000         3
      2001         2
      2002         1
      2003         2
      2004         3
      2005         3
      2006         2
      2007         2
      2008         3
      2009         2
      2010         1
      2011         2
      2012         3
      2013         3
      2014         1
      2015         3
      2016         2
      2017         1
      2018         2
      2019         3
      2020         3
      2021         2
      2022         2
      2023         3
      2024         3
      2025         3
      2026         1
      2027         3
      2028         3
      2029         3
      2030         1
      2031         3
      2032         2
      2033         1
      2034         2
      2035         3
      2036         3
      2037         2
      2038         2
      2039         3
      2040         2
      2041         1
      2042         2
      2043         3
      2044         3
      2045         1
      2046         3
      2047         2
      2048         1
      2049         2
      2050         3
      2051         3
      2052         2
      2053         2
      2054         3
      2055         3
      2056         3
      2057         1
      2058         3
      2059         3
      2060         3
      2061         2
      2062         2
      2063         3
      2064         2
      2065         1
      2066         2
      2067         3
      2068         3
      2069         2
      2070         2
      2071         3
      2072         2
      2073         2
      2074         2
      2075         2
      2076         3
      2077         3
      2078         1
      2079         3
      2080         2
      2081         1
      2082         2
      2083         3
      2084         3
      2085         2
      2086         2
      2087         3
      2088         3
      2089         3
      2090         1
      2091         3
      2092         3
      2093         3
      2094         1
      2095         3
      2096         3
      2097         3
      2098         1
      2099         3
      2100         3
      2101         3
      2102         2
      2103         2
      2104         3
      2105         2
      2106         1
      2107         2
      2108         3
      2109         3
      2110         1
      2111         3
      2112         2
      2113         1
      2114         2
      2115         3
      2116         3
      2117         2
      2118         2
      2119         3
      2120         3
      2121         3
      2122         1
      2123         3
      2124         3
      2125         3
      2126         2
      2127         2
      2128         3
      2129         2
      2130         1
      2131         2
      2132         3
      2133         3
      2134         2
      2135         2
      2136         3
      2137         2
      2138         1
      2139         2
      2140         3
      2141         4
      2142         4
      2143         1
      2144         4
      2145         2
      2146         1
      2147         2
      2148         4
      2149         3
      2150         2
      2151         2
      2152         3
      2153         3
      2154         3
      2155         1
      2156         3
      2157         3
      2158         3
      2159         1
      2160         3
      2161         2
      2162         1
      2163         2
      2164         3
      2165         3
      2166         2
      2167         2
      2168         3
      2169         2
      2170         1
      2171         2
      2172         3
      2173         3
      2174         1
      2175         3
      2176         2
      2177         1
      2178         2
      2179         3
      2180         3
      2181         2
      2182         2
      2183         3
      2184         3
      2185         3
      2186         1
      2187         3
      2188         3
      2189         3
      2190         2
      2191         2
      2192         3
      2193         2
      2194         1
      2195         2
      2196         3
      2197         3
      2198         2
      2199         2
      2200         3
      2201         2
      2202         2
      2203         2
      2204         2
      2205         3
      2206         3
      2207         1
      2208         3
      2209         2
      2210         1
      2211         2
      2212         3
      2213         3
      2214         2
      2215         2
      2216         3
      2217         3
      2218         3
      2219         1
      2220         3
      2221         3
      2222         3
      2223         1
      2224         3
      2225         2
      2226         1
      2227         2
      2228         3
      2229         3
      2230         2
      2231         3
      2232         3
      2233         3
      2234         2
      2235         1
      2236         2
      2237         3
      2238         3
      2239         1
      2240         3
      2241         2
      2242         1
      2243         2
      2244         3
      2245         3
      2246         3
      2247         2
      2248         3
      2249         3
      2250         3
      2251         1
      2252         3
      2253         3
      2254         3
      2255         2
      2256         2
      2257         3
      2258         2
      2259         1
      2260         2
      2261         3
      2262         3
      2263         2
      2264         2
      2265         3
      2266         2
      2267         1
      2268         2
      2269         3
      2270         3
      2271         1
      2272         3
      2273         2
      2274         1
      2275         2
      2276         3
      2277         3
      2278         2
      2279         2
      2280         3
      2281         3
      2282         3
      2283         1
      2284         3
      2285         3
      2286         3
      2287         1
      2288         3
      2289         2
      2290         1
      2291         2
      2292         3
      2293         3
      2294         2
      2295         2
      2296         3
      2297         2
      2298         1
      2299         2
      2300         3
      2301         3
      2302         1
      2303         3
      2304         2
      2305         1
      2306         2
      2307         3
      2308         3
      2309         2
      2310         2
      2311         3
      2312         3
      2313         3
      2314         1
      2315         3
      2316         3
      2317         3
      2318         2
      2319         2
      2320         3
      2321         2
      2322         1
      2323         2
      2324         3
      2325         3
      2326         2
      2327         2
      2328         3
      2329         2
      2330         2
      2331         2
      2332         2
      2333         3
      2334         3
      2335         1
      2336         3
      2337         2
      2338         1
      2339         2
      2340         3
      2341         3
      2342         2
      2343         2
      2344         3
      2345         3
      2346         3
      2347         1
      2348         3
      2349         3
      2350         3
      2351         1
      2352         3
      2353         3
      2354         3
      2355         1
      2356         3
      2357         3
      2358         3
      2359         2
      2360         2
      2361         3
      2362         2
      2363         1
      2364         2
      2365         3
      2366         3
      2367         1
      2368         3
      2369         2
      2370         1
      2371         2
      2372         3
      2373         3
      2374         2
      2375         2
      2376         3
      2377         3
      2378         3
      2379         1
      2380         3
      2381         3
      2382         3
      2383         2
      2384         2
      2385         3
      2386         2
      2387         1
      2388         2
      2389         3
      2390         3
      2391         2
      2392         2
      2393         3
      2394         2
      2395         1
      2396         2
      2397         3
      2398         3
      2399         1
      2400         3
      2401         2
      2402         1
      2403         2
      2404         3
      2405         3
      2406         2
      2407         2
      2408         3
      2409         3
      2410         3
      2411         2
      2412         2
      2413         3
      2414         3
      2415         3
      2416         1
      2417         3
      2418         2
      2419         1
      2420         2
      2421         3
      2422         3
      2423         2
      2424         2
      2425         3
      2426         2
      2427         1
      2428         2
      2429         3
      2430         3
      2431         1
      2432         3
      2433         2
      2434         1
      2435         2
      2436         3
      2437         3
      2438         2
      2439         2
      2440         3
      2441         3
      2442         3
      2443         1
      2444         3
      2445         3
      2446         3
      2447         2
      2448         2
      2449         3
      2450         2
      2451         1
      2452         2
      2453         3
      2454         3
      2455         2
      2456         2
      2457         3
      2458         2
      2459         2
      2460         2
      2461         2
      2462         3
      2463         3
      2464         1
      2465         3
      2466         2
      2467         1
      2468         2
      2469         3
      2470         3
      2471         2
      2472         2
      2473         3
      2474         3
      2475         3
      2476         1
      2477         3
      2478         3
      2479         3
      2480         1
      2481         3
      2482         2
      2483         1
      2484         2
      2485         3
      2486         3
      2487         2
      2488         2
      2489         3
      2490         2
      2491         1
      2492         2
      2493         3
      2494         3
      2495         1
      2496         3
      2497         2
      2498         1
      2499         2
      2500         3
      2501         3
      2502         2
      2503         2
      2504         3
      2505         3
      2506         3
      2507         1
      2508         3
      2509         3
      2510         3
      2511         2
      2512         2
      2513         3
      2514         2
      2515         1
      2516         2
      2517         3
      2518         3
      2519         2
      2520         2
      2521         3
      2522         2
      2523         1
      2524         2
      2525         3
      2526         3
      2527         1
      2528         3
      2529         2
      2530         1
      2531         2
      2532         3
      2533         3
      2534         2
      2535         2
      2536         3
      2537         3
      2538         3
      2539         1
      2540         3
      2541         3
      2542         3
      2543         1
      2544         3
      2545         2
      2546         1
      2547         2
      2548         3
      2549         3
      2550         2
      2551         2
      2552         3
      2553         2
      2554         1
      2555         2
      2556         3
      2557         3
      2558         1
      2559         3
      2560         2
      2561         1
      2562         2
      2563         3
      2564         3
      2565         2
      2566         2
      2567         3
      2568         3
      2569         3
      2570         1
      2571         3
      2572         3
      2573         3
      2574         2
      2575         2
      2576         3
      2577         2
      2578         1
      2579         2
      2580         3
      2581         3
      2582         2
      2583         2
      2584         3
      2585         2
      2586         2
      2587         2
      2588         2
      2589         3
      2590         3
      2591         1
      2592         3
      2593         2
      2594         1
      2595         2
      2596         3
      2597         3
      2598         2
      2599         2
      2600         3
      2601         3
      2602         3
      2603         1
      2604         3
      2605         3
      2606         3
      2607         1
      2608         3
      2609         3
      2610         3
      2611         1
      2612         3
      2613         3
      2614         3
      2615         2
      2616         2
      2617         3
      2618         2
      2619         1
      2620         2
      2621         3
      2622         3
      2623         1
      2624         3
      2625         2
      2626         1
      2627         2
      2628         3
      2629         3
      2630         2
      2631         2
      2632         3
      2633         3
      2634         3
      2635         1
      2636         3
      2637         3
      2638         3
      2639         2
      2640         2
      2641         3
      2642         2
      2643         1
      2644         2
      2645         3
      2646         3
      2647         2
      2648         2
      2649         3
      2650         2
      2651         1
      2652         2
      2653         3
      2654         4
      2655         4
      2656         1
      2657         4
      2658         2
      2659         1
      2660         2
      2661         4
      2662         3
      2663         2
      2664         2
      2665         3
      2666         3
      2667         3
      2668         1
      2669         3
      2670         3
      2671         3
      2672         1
      2673         3
      2674         2
      2675         1
      2676         2
      2677         3
      2678         3
      2679         2
      2680         2
      2681         3
      2682         2
      2683         1
      2684         2
      2685         3
      2686         3
      2687         1
      2688         3
      2689         2
      2690         1
      2691         2
      2692         3
      2693         3
      2694         2
      2695         2
      2696         3
      2697         3
      2698         3
      2699         1
      2700         3
      2701         3
      2702         3
      2703         2
      2704         2
      2705         3
      2706         2
      2707         1
      2708         2
      2709         3
      2710         3
      2711         2
      2712         2
      2713         3
      2714         2
      2715         2
      2716         2
      2717         2
      2718         3
      2719         3
      2720         1
      2721         3
      2722         2
      2723         1
      2724         2
      2725         3
      2726         3
      2727         2
      2728         2
      2729         3
      2730         3
      2731         3
      2732         1
      2733         3
      2734         3
      2735         3
      2736         1
      2737         3
      2738         2
      2739         1
      2740         2
      2741         3
      2742         3
      2743         2
      2744         2
      2745         3
      2746         2
      2747         1
      2748         2
      2749         3
      2750         3
      2751         1
      2752         3
      2753         2
      2754         1
      2755         2
      2756         3
      2757         3
      2758         2
      2759         2
      2760         3
      2761         3
      2762         3
      2763         1
      2764         3
      2765         3
      2766         3
      2767         2
      2768         2
      2769         3
      2770         2
      2771         1
      2772         2
      2773         3
      2774         3
      2775         2
      2776         2
      2777         3
      2778         2
      2779         1
      2780         2
      2781         3
      2782         3
      2783         1
      2784         3
      2785         2
      2786         1
      2787         2
      2788         3
      2789         3
      2790         2
      2791         2
      2792         3
      2793         3
      2794         3
      2795         1
      2796         3
      2797         3
      2798         3
      2799         1
      2800         3
      2801         2
      2802         1
      2803         2
      2804         3
      2805         3
      2806         2
      2807         2
      2808         3
      2809         2
      2810         1
      2811         2
      2812         3
      2813         3
      2814         1
      2815         3
      2816         2
      2817         1
      2818         2
      2819         3
      2820         3
      2821         2
      2822         2
      2823         3
      2824         3
      2825         3
      2826         1
      2827         3
      2828         3
      2829         3
      2830         2
      2831         2
      2832         3
      2833         2
      2834         1
      2835         2
      2836         3
      2837         3
      2838         2
      2839         2
      2840         3
      2841         2
      2842         2
      2843         2
      2844         2
      2845         3
      2846         3
      2847         1
      2848         3
      2849         2
      2850         1
      2851         2
      2852         3
      2853         3
      2854         2
      2855         2
      2856         3
      2857         3
      2858         3
      2859         1
      2860         3
      2861         3
      2862         3
      2863         1
      2864         3
      2865         3
      2866         3
      2867         1
      2868         3
      2869         3
      2870         3
      2871         2
      2872         2
      2873         3
      2874         2
      2875         1
      2876         2
      2877         3
      2878         3
      2879         1
      2880         3
      2881         2
      2882         1
      2883         2
      2884         3
      2885         3
      2886         2
      2887         2
      2888         3
      2889         3
      2890         3
      2891         1
      2892         3
      2893         3
      2894         3
      2895         2
      2896         2
      2897         3
      2898         2
      2899         1
      2900         2
      2901         3
      2902         3
      2903         2
      2904         2
      2905         3
      2906         2
      2907         1
      2908         2
      2909         3
      2910         3
      2911         1
      2912         3
      2913         2
      2914         1
      2915         2
      2916         3
      2917         3
      2918         2
      2919         2
      2920         3
      2921         3
      2922         3
      2923         1
      2924         3
      2925         3
      2926         3
      2927         1
      2928         3
      2929         2
      2930         1
      2931         2
      2932         3
      2933         3
      2934         2
      2935         2
      2936         3
      2937         2
      2938         1
      2939         2
      2940         3
      2941         3
      2942         1
      2943         3
      2944         2
      2945         1
      2946         2
      2947         3
      2948         3
      2949         2
      2950         2
      2951         3
      2952         3
      2953         3
      2954         1
      2955         3
      2956         3
      2957         3
      2958         2
      2959         2
      2960         3
      2961         2
      2962         1
      2963         2
      2964         3
      2965         3
      2966         2
      2967         2
      2968         3
      2969         2
      2970         2
      2971         2
      2972         2
      2973         3
      2974         3
      2975         1
      2976         3
      2977         2
      2978         1
      2979         2
      2980         3
      2981         3
      2982         2
      2983         2
      2984         3
      2985         3
      2986         3
      2987         1
      2988         3
      2989         3
      2990         3
      2991         1
      2992         3
      2993         2
      2994         1
      2995         2
      2996         3
      2997         3
      2998         2
      2999         2
      3000         3
      3001         2
      3002         1
      3003         2
      3004         3
      3005         3
      3006         1
      3007         3
      3008         2
      3009         1
      3010         2
      3011         3
      3012         3
      3013         2
      3014         2
      3015         3
      3016         3
      3017         3
      3018         1
      3019         3
      3020         3
      3021         3
      3022         2
      3023         2
      3024         3
      3025         2
      3026         1
      3027         2
      3028         3
      3029         3
      3030         2
      3031         2
      3032         3
      3033         2
      3034         1
      3035         2
      3036         3
      3037         3
      3038         1
      3039         3
      3040         2
      3041         1
      3042         2
      3043         3
      3044         3
      3045         2
      3046         2
      3047         3
      3048         3
      3049         3
      3050         1
      3051         3
      3052         3
      3053         3
      3054         1
      3055         3
      3056         2
      3057         1
      3058         2
      3059         3
      3060         3
      3061         2
      3062         2
      3063         3
      3064         2
      3065         1
      3066         2
      3067         3
      3068         3
      3069         1
      3070         3
      3071         2
      3072         1
      3073         2
      3074         3
      3075         3
      3076         2
      3077         2
      3078         3
      3079         3
      3080         3
      3081         1
      3082         3
      3083         3
      3084         3
      3085         2
      3086         2
      3087         3
      3088         2
      3089         1
      3090         2
      3091         3
      3092         3
      3093         2
      3094         2
      3095         3
      3096         2
      3097         2
      3098         2
      3099         2
      3100         3
      3101         3
      3102         1
      3103         3
      3104         2
      3105         1
      3106         2
      3107         3
      3108         3
      3109         2
      3110         2
      3111         3
      3112         3
      3113         3
      3114         1
      3115         3
      3116         3
      3117         3
      3118         1
      3119         3
      3120         3
      3121         3
      3122         1
      3123         3
      3124         3
      3125         3
      3126         2
      3127         2
      3128         3
      3129         2
      3130         1
      3131         2
      3132         3
      3133         3
      3134         1
      3135         3
      3136         2
      3137         1
      3138         2
      3139         3
      3140         3
      3141         2
      3142         2
      3143         3
      3144         3
      3145         3
      3146         1
      3147         3
      3148         3
      3149         3
      3150         2
      3151         2
      3152         3
      3153         2
      3154         1
      3155         2
      3156         3
      3157         3
      3158         2
      3159         2
      3160         3
      3161         2
      3162         1
      3163         2
      3164         3
      3165         4
      3166         4
      3167         1
      3168         4
      3169         2
      3170         1
      3171         2
      3172         4
      3173         3
      3174         2
      3175         2
      3176         3
      3177         3
      3178         3
      3179         1
      3180         3
      3181         3
      3182         3
      3183         1
      3184         3
      3185         2
      3186         1
      3187         2
      3188         3
      3189         3
      3190         2
      3191         2
      3192         3
      3193         2
      3194         1
      3195         2
      3196         3
      3197         3
      3198         1
      3199         3
      3200         2
      3201         1
      3202         2
      3203         3
      3204         3
      3205         2
      3206         2
      3207         3
      3208         3
      3209         3
      3210         1
      3211         3
      3212         3
      3213         3
      3214         2
      3215         2
      3216         3
      3217         2
      3218         1
      3219         2
      3220         3
      3221         3
      3222         2
      3223         2
      3224         3
      3225         2
      3226         2
      3227         2
      3228         2
      3229         3
      3230         3
      3231         1
      3232         3
      3233         2
      3234         1
      3235         2
      3236         3
      3237         3
      3238         2
      3239         2
      3240         3
      3241         3
      3242         3
      3243         1
      3244         3
      3245         3
      3246         3
      3247         1
      3248         3
      3249         2
      3250         1
      3251         2
      3252         3
      3253         3
      3254         2
      3255         3
      3256         3
      3257         3
      3258         2
      3259         1
      3260         2
      3261         3
      3262         3
      3263         1
      3264         3
      3265         2
      3266         1
      3267         2
      3268         3
      3269         3
      3270         3
      3271         2
      3272         3
      3273         3
      3274         3
      3275         1
      3276         3
      3277         3
      3278         3
      3279         2
      3280         2
      3281         3
      3282         2
      3283         1
      3284         2
      3285         3
      3286         3
      3287         2
      3288         2
      3289         3
      3290         2
      3291         1
      3292         2
      3293         3
      3294         3
      3295         1
      3296         3
      3297         2
      3298         1
      3299         2
      3300         3
      3301         3
      3302         2
      3303         2
      3304         3
      3305         3
      3306         3
      3307         1
      3308         3
      3309         3
      3310         3
      3311         1
      3312         3
      3313         2
      3314         1
      3315         2
      3316         3
      3317         3
      3318         2
      3319         2
      3320         3
      3321         2
      3322         1
      3323         2
      3324         3
      3325         3
      3326         1
      3327         3
      3328         2
      3329         1
      3330         2
      3331         3
      3332         3
      3333         2
      3334         2
      3335         3
      3336         3
      3337         3
      3338         1
      3339         3
      3340         3
      3341         3
      3342         2
      3343         2
      3344         3
      3345         2
      3346         1
      3347         2
      3348         3
      3349         3
      3350         2
      3351         2
      3352         3
      3353         2
      3354         2
      3355         2
      3356         2
      3357         3
      3358         3
      3359         1
      3360         3
      3361         2
      3362         1
      3363         2
      3364         3
      3365         3
      3366         2
      3367         2
      3368         3
      3369         3
      3370         3
      3371         1
      3372         3
      3373         3
      3374         3
      3375         1
      3376         3
      3377         3
      3378         3
      3379         1
      3380         3
      3381         3
      3382         3
      3383         2
      3384         2
      3385         3
      3386         2
      3387         1
      3388         2
      3389         3
      3390         3
      3391         1
      3392         3
      3393         2
      3394         1
      3395         2
      3396         3
      3397         3
      3398         2
      3399         2
      3400         3
      3401         3
      3402         3
      3403         1
      3404         3
      3405         3
      3406         3
      3407         2
      3408         2
      3409         3
      3410         2
      3411         1
      3412         2
      3413         3
      3414         3
      3415         2
      3416         2
      3417         3
      3418         2
      3419         1
      3420         2
      3421         3
      3422         3
      3423         1
      3424         3
      3425         2
      3426         1
      3427         2
      3428         3
      3429         3
      3430         2
      3431         2
      3432         3
      3433         3
      3434         3
      3435         1
      3436         3
      3437         3
      3438         3
      3439         1
      3440         3
      3441         2
      3442         1
      3443         2
      3444         3
      3445         3
      3446         2
      3447         2
      3448         3
      3449         2
      3450         1
      3451         2
      3452         3
      3453         3
      3454         1
      3455         3
      3456         2
      3457         1
      3458         2
      3459         3
      3460         3
      3461         2
      3462         2
      3463         3
      3464         3
      3465         3
      3466         1
      3467         3
      3468         3
      3469         3
      3470         2
      3471         2
      3472         3
      3473         2
      3474         1
      3475         2
      3476         3
      3477         3
      3478         2
      3479         2
      3480         3
      3481         2
      3482         2
      3483         2
      3484         2
      3485         3
      3486         3
      3487         1
      3488         3
      3489         2
      3490         1
      3491         2
      3492         3
      3493         3
      3494         2
      3495         2
      3496         3
      3497         3
      3498         3
      3499         1
      3500         3
      3501         3
      3502         3
      3503         1
      3504         3
      3505         2
      3506         1
      3507         2
      3508         3
      3509         3
      3510         2
      3511         2
      3512         3
      3513         2
      3514         1
      3515         2
      3516         3
      3517         3
      3518         1
      3519         3
      3520         2
      3521         1
      3522         2
      3523         3
      3524         3
      3525         2
      3526         2
      3527         3
      3528         3
      3529         3
      3530         1
      3531         3
      3532         3
      3533         3
      3534         2
      3535         2
      3536         3
      3537         2
      3538         1
      3539         2
      3540         3
      3541         3
      3542         2
      3543         2
      3544         3
      3545         2
      3546         1
      3547         2
      3548         3
      3549         3
      3550         1
      3551         3
      3552         2
      3553         1
      3554         2
      3555         3
      3556         3
      3557         2
      3558         2
      3559         3
      3560         3
      3561         3
      3562         1
      3563         3
      3564         3
      3565         3
      3566         1
      3567         3
      3568         2
      3569         1
      3570         2
      3571         3
      3572         3
      3573         2
      3574         2
      3575         3
      3576         2
      3577         1
      3578         2
      3579         3
      3580         3
      3581         1
      3582         3
      3583         2
      3584         1
      3585         2
      3586         3
      3587         3
      3588         2
      3589         2
      3590         3
      3591         3
      3592         3
      3593         1
      3594         3
      3595         3
      3596         3
      3597         2
      3598         2
      3599         3
      3600         2
      3601         1
      3602         2
      3603         3
      3604         3
      3605         2
      3606         2
      3607         3
      3608         2
      3609         2
      3610         2
      3611         2
      3612         3
      3613         3
      3614         1
      3615         3
      3616         2
      3617         1
      3618         2
      3619         3
      3620         3
      3621         2
      3622         2
      3623         3
      3624         3
      3625         3
      3626         1
      3627         3
      3628         3
      3629         3
      3630         1
      3631         3
      3632         3
      3633         3
      3634         1
      3635         3
      3636         3
      3637         3
      3638         2
      3639         2
      3640         3
      3641         2
      3642         1
      3643         2
      3644         3
      3645         3
      3646         1
      3647         3
      3648         2
      3649         1
      3650         2
      3651         3
      3652         3
      3653         2
      3654         2
      3655         3
      3656         3
      3657         3
      3658         1
      3659         3
      3660         3
      3661         3
      3662         2
      3663         2
      3664         3
      3665         2
      3666         1
      3667         2
      3668         3
      3669         3
      3670         2
      3671         2
      3672         3
      3673         2
      3674         1
      3675         2
      3676         3
      3677         4
      3678         4
      3679         1
      3680         4
      3681         2
      3682         1
      3683         2
      3684         4
      3685         3
      3686         2
      3687         2
      3688         3
      3689         3
      3690         3
      3691         1
      3692         3
      3693         3
      3694         3
      3695         1
      3696         3
      3697         2
      3698         1
      3699         2
      3700         3
      3701         3
      3702         2
      3703         2
      3704         3
      3705         2
      3706         1
      3707         2
      3708         3
      3709         3
      3710         1
      3711         3
      3712         2
      3713         1
      3714         2
      3715         3
      3716         3
      3717         2
      3718         2
      3719         3
      3720         3
      3721         3
      3722         1
      3723         3
      3724         3
      3725         3
      3726         2
      3727         2
      3728         3
      3729         2
      3730         1
      3731         2
      3732         3
      3733         3
      3734         2
      3735         2
      3736         3
      3737         2
      3738         2
      3739         2
      3740         2
      3741         3
      3742         3
      3743         1
      3744         3
      3745         2
      3746         1
      3747         2
      3748         3
      3749         3
      3750         2
      3751         2
      3752         3
      3753         3
      3754         3
      3755         1
      3756         3
      3757         3
      3758         3
      3759         1
      3760         3
      3761         2
      3762         1
      3763         2
      3764         3
      3765         3
      3766         2
      3767         2
      3768         3
      3769         2
      3770         1
      3771         2
      3772         3
      3773         3
      3774         1
      3775         3
      3776         2
      3777         1
      3778         2
      3779         3
      3780         3
      3781         2
      3782         2
      3783         3
      3784         3
      3785         3
      3786         1
      3787         3
      3788         3
      3789         3
      3790         2
      3791         2
      3792         3
      3793         2
      3794         1
      3795         2
      3796         3
      3797         3
      3798         2
      3799         2
      3800         3
      3801         2
      3802         1
      3803         2
      3804         3
      3805         3
      3806         1
      3807         3
      3808         2
      3809         1
      3810         2
      3811         3
      3812         3
      3813         2
      3814         2
      3815         3
      3816         3
      3817         3
      3818         1
      3819         3
      3820         3
      3821         3
      3822         1
      3823         3
      3824         2
      3825         1
      3826         2
      3827         3
      3828         3
      3829         2
      3830         2
      3831         3
      3832         2
      3833         1
      3834         2
      3835         3
      3836         3
      3837         1
      3838         3
      3839         2
      3840         1
      3841         2
      3842         3
      3843         3
      3844         2
      3845         2
      3846         3
      3847         3
      3848         3
      3849         1
      3850         3
      3851         3
      3852         3
      3853         2
      3854         2
      3855         3
      3856         2
      3857         1
      3858         2
      3859         3
      3860         3
      3861         2
      3862         2
      3863         3
      3864         2
      3865         2
      3866         2
      3867         2
      3868         3
      3869         3
      3870         1
      3871         3
      3872         2
      3873         1
      3874         2
      3875         3
      3876         3
      3877         2
      3878         2
      3879         3
      3880         3
      3881         3
      3882         1
      3883         3
      3884         3
      3885         3
      3886         1
      3887         3
      3888         3
      3889         3
      3890         1
      3891         3
      3892         3
      3893         3
      3894         2
      3895         2
      3896         3
      3897         2
      3898         1
      3899         2
      3900         3
      3901         3
      3902         1
      3903         3
      3904         2
      3905         1
      3906         2
      3907         3
      3908         3
      3909         2
      3910         2
      3911         3
      3912         3
      3913         3
      3914         1
      3915         3
      3916         3
      3917         3
      3918         2
      3919         2
      3920         3
      3921         2
      3922         1
      3923         2
      3924         3
      3925         3
      3926         2
      3927         2
      3928         3
      3929         2
      3930         1
      3931         2
      3932         3
      3933         3
      3934         1
      3935         3
      3936         2
      3937         1
      3938         2
      3939         3
      3940         3
      3941         2
      3942         2
      3943         3
      3944         3
      3945         3
      3946         1
      3947         3
      3948         3
      3949         3
      3950         1
      3951         3
      3952         2
      3953         1
      3954         2
      3955         3
      3956         3
      3957         2
      3958         2
      3959         3
      3960         2
      3961         1
      3962         2
      3963         3
      3964         3
      3965         1
      3966         3
      3967         2
      3968         1
      3969         2
      3970         3
      3971         3
      3972         2
      3973         2
      3974         3
      3975         3
      3976         3
      3977         1
      3978         3
      3979         3
      3980         3
      3981         2
      3982         2
      3983         3
      3984         2
      3985         1
      3986         2
      3987         3
      3988         3
      3989         2
      3990         2
      3991         3
      3992         2
      3993         2
      3994         2
      3995         2
      3996         3
      3997         3
      3998         1
      3999         3
      4000         2
      4001         1
      4002         2
      4003         3
      4004         3
      4005         2
      4006         2
      4007         3
      4008         3
      4009         3
      4010         1
      4011         3
      4012         3
      4013         3
      4014         1
      4015         3
      4016         2
      4017         1
      4018         2
      4019         3
      4020         3
      4021         2
      4022         2
      4023         3
      4024         2
      4025         1
      4026         2
      4027         3
      4028         3
      4029         1
      4030         3
      4031         2
      4032         1
      4033         2
      4034         3
      4035         3
      4036         2
      4037         2
      4038         3
      4039         3
      4040         3
      4041         1
      4042         3
      4043         3
      4044         3
      4045         2
      4046         2
      4047         3
      4048         2
      4049         1
      4050         2
      4051         3
      4052         3
      4053         2
      4054         2
      4055         3
      4056         2
      4057         1
      4058         2
      4059         3
      4060         3
      4061         1
      4062         3
      4063         2
      4064         1
      4065         2
      4066         3
      4067         3
      4068         2
      4069         2
      4070         3
      4071         3
      4072         3
      4073         1
      4074         3
      4075         3
      4076         3
      4077         1
      4078         3
      4079         2
      4080         1
      4081         2
      4082         3
      4083         3
      4084         2
      4085         2
      4086         3
      4087         2
      4088         1
      4089         2
      4090         3
      4091         3
      4092         1
      4093         3
      4094         2
